Version: 2021_07_31r1
Type: 1
SkyColor: [0.529999971, 0.810000002, 0.980000019]
Entities:
  []