Version: 2021_07_31r1
Type: 1
SkyColor: [0.530000091, 0.810000122, 0.980000079]
Entities:
  []